{
    "nbformat_minor": 2, 
    "cells": [
        {
            "source": "# Multiple Linear Regression Project\n## Dhivya Murugesan", 
            "cell_type": "markdown", 
            "metadata": {
                "slideshow": {
                    "slide_type": "-"
                }
            }
        }, 
        {
            "source": "### Predicting the Housing Prices\nIf you\u2019re looking to buy a new house or sell your house, you need an estimate on how much your property is worth.\n\nLets guess the factors that affects the Housing Prices\n- Location\n- Supply and demand\n- Economic growth\n- Size and facilities\n- Flooring\n- Demographics\n\nThe features and overall size of a property will also influence its worth. A four-bedroom house is likely to fetch more than a two-bedroom house in the same area, while features such as extra bathrooms, garages, swimming pools and outdoor entertaining areas can all have an impact on property value. In busy cities, the absence or abundance of parking opportunities is another critical factor, while the functionality of a home\u2019s layout is always important.", 
            "cell_type": "markdown", 
            "metadata": {}
        }, 
        {
            "source": "<h1>Table of contents</h1>\n\n<div class=\"alert alert-block alert-info\" style=\"margin-top: 20px\">\n    <ol>\n        <li>Understanding the Data</li>\n        <li>Reading the data in</li>\n        <li>Data Exploration</li>\n        <li>Multi Regression Model</li>\n    </ol>\n</div>\n<br>\n<hr>", 
            "cell_type": "markdown", 
            "metadata": {
                "slideshow": {
                    "slide_type": "notes"
                }
            }
        }, 
        {
            "source": "# Importing Needed Packages", 
            "cell_type": "markdown", 
            "metadata": {}
        }, 
        {
            "execution_count": 5, 
            "cell_type": "code", 
            "metadata": {}, 
            "outputs": [
                {
                    "execution_count": 5, 
                    "metadata": {}, 
                    "data": {
                        "text/html": "<div>\n<style scoped>\n    .dataframe tbody tr th:only-of-type {\n        vertical-align: middle;\n    }\n\n    .dataframe tbody tr th {\n        vertical-align: top;\n    }\n\n    .dataframe thead th {\n        text-align: right;\n    }\n</style>\n<table border=\"1\" class=\"dataframe\">\n  <thead>\n    <tr style=\"text-align: right;\">\n      <th></th>\n      <th>Area</th>\n      <th>Garage</th>\n      <th>FirePlace</th>\n      <th>Baths</th>\n      <th>White Marble</th>\n      <th>Black Marble</th>\n      <th>Indian Marble</th>\n      <th>Floors</th>\n      <th>City</th>\n      <th>Solar</th>\n      <th>Electric</th>\n      <th>Fiber</th>\n      <th>Glass Doors</th>\n      <th>Swiming Pool</th>\n      <th>Garden</th>\n      <th>Prices</th>\n    </tr>\n  </thead>\n  <tbody>\n    <tr>\n      <th>0</th>\n      <td>164</td>\n      <td>2</td>\n      <td>0</td>\n      <td>2</td>\n      <td>0</td>\n      <td>1</td>\n      <td>0</td>\n      <td>0</td>\n      <td>3</td>\n      <td>1</td>\n      <td>1</td>\n      <td>1</td>\n      <td>1</td>\n      <td>0</td>\n      <td>0</td>\n      <td>43800</td>\n    </tr>\n    <tr>\n      <th>1</th>\n      <td>84</td>\n      <td>2</td>\n      <td>0</td>\n      <td>4</td>\n      <td>0</td>\n      <td>0</td>\n      <td>1</td>\n      <td>1</td>\n      <td>2</td>\n      <td>0</td>\n      <td>0</td>\n      <td>0</td>\n      <td>1</td>\n      <td>1</td>\n      <td>1</td>\n      <td>37550</td>\n    </tr>\n    <tr>\n      <th>2</th>\n      <td>190</td>\n      <td>2</td>\n      <td>4</td>\n      <td>4</td>\n      <td>1</td>\n      <td>0</td>\n      <td>0</td>\n      <td>0</td>\n      <td>2</td>\n      <td>0</td>\n      <td>0</td>\n      <td>1</td>\n      <td>0</td>\n      <td>0</td>\n      <td>0</td>\n      <td>49500</td>\n    </tr>\n    <tr>\n      <th>3</th>\n      <td>75</td>\n      <td>2</td>\n      <td>4</td>\n      <td>4</td>\n      <td>0</td>\n      <td>0</td>\n      <td>1</td>\n      <td>1</td>\n      <td>1</td>\n      <td>1</td>\n      <td>1</td>\n      <td>1</td>\n      <td>1</td>\n      <td>1</td>\n      <td>1</td>\n      <td>50075</td>\n    </tr>\n    <tr>\n      <th>4</th>\n      <td>148</td>\n      <td>1</td>\n      <td>4</td>\n      <td>2</td>\n      <td>1</td>\n      <td>0</td>\n      <td>0</td>\n      <td>1</td>\n      <td>2</td>\n      <td>1</td>\n      <td>0</td>\n      <td>0</td>\n      <td>1</td>\n      <td>1</td>\n      <td>1</td>\n      <td>52400</td>\n    </tr>\n  </tbody>\n</table>\n</div>", 
                        "text/plain": "   Area  Garage  FirePlace  Baths  White Marble  Black Marble  Indian Marble  \\\n0   164       2          0      2             0             1              0   \n1    84       2          0      4             0             0              1   \n2   190       2          4      4             1             0              0   \n3    75       2          4      4             0             0              1   \n4   148       1          4      2             1             0              0   \n\n   Floors  City  Solar  Electric  Fiber  Glass Doors  Swiming Pool  Garden  \\\n0       0     3      1         1      1            1             0       0   \n1       1     2      0         0      0            1             1       1   \n2       0     2      0         0      1            0             0       0   \n3       1     1      1         1      1            1             1       1   \n4       1     2      1         0      0            1             1       1   \n\n   Prices  \n0   43800  \n1   37550  \n2   49500  \n3   50075  \n4   52400  "
                    }, 
                    "output_type": "execute_result"
                }
            ], 
            "source": "# The code was removed by Watson Studio for sharing."
        }, 
        {
            "source": "# Understanding the Data", 
            "cell_type": "markdown", 
            "metadata": {}
        }, 
        {
            "source": "## Dataset \nWe have downloaded a Toronto housing prices dataset, **`HousePrices.csv`**, from kaggle. Lets explore this dataset.\n\n## Size: House Prices\nAttributes: 16 ---\nObservations: 500,000\n\n## Macro Factors Affecting the House Prices\n\n- Area        (Range: 1 - 249)  in 1000sqft.                             \n- Garage\t  (Range: 1 - 3)\n- FirePlace   (Range: 0 - 4)\n- Baths\t      (Range: 1 - 5)\n- White Marble (Binary)\n- Black Marble\t(Binary)\n- Indian Marble(Binary)\n- Floors (Binary)\n- City (Range: 1 -3)\n- Solar\t(Binary)\n- Electric (Binary)\n- Fiber (Binary)\n- Glass Doors (Binary)\n- Swimming Pool\t(Binary)\n- Garden (Binary)\n- ### Prices - This is my Target (Range: 7725 - 77975)\n", 
            "cell_type": "markdown", 
            "metadata": {
                "slideshow": {
                    "slide_type": "subslide"
                }
            }
        }, 
        {
            "source": "# Reading the Data", 
            "cell_type": "markdown", 
            "metadata": {
                "slideshow": {
                    "slide_type": "slide"
                }
            }
        }, 
        {
            "execution_count": 4, 
            "cell_type": "code", 
            "metadata": {}, 
            "outputs": [
                {
                    "execution_count": 4, 
                    "metadata": {}, 
                    "data": {
                        "text/html": "<div>\n<style scoped>\n    .dataframe tbody tr th:only-of-type {\n        vertical-align: middle;\n    }\n\n    .dataframe tbody tr th {\n        vertical-align: top;\n    }\n\n    .dataframe thead th {\n        text-align: right;\n    }\n</style>\n<table border=\"1\" class=\"dataframe\">\n  <thead>\n    <tr style=\"text-align: right;\">\n      <th></th>\n      <th>Area</th>\n      <th>Garage</th>\n      <th>FirePlace</th>\n      <th>Baths</th>\n      <th>White Marble</th>\n      <th>Black Marble</th>\n      <th>Indian Marble</th>\n      <th>Floors</th>\n      <th>City</th>\n      <th>Solar</th>\n      <th>Electric</th>\n      <th>Fiber</th>\n      <th>Glass Doors</th>\n      <th>Swiming Pool</th>\n      <th>Garden</th>\n      <th>Prices</th>\n    </tr>\n  </thead>\n  <tbody>\n    <tr>\n      <th>count</th>\n      <td>500000.000000</td>\n      <td>500000.000000</td>\n      <td>500000.000000</td>\n      <td>500000.000000</td>\n      <td>500000.000000</td>\n      <td>500000.000000</td>\n      <td>500000.000000</td>\n      <td>500000.000000</td>\n      <td>500000.000000</td>\n      <td>500000.000000</td>\n      <td>500000.00000</td>\n      <td>500000.000000</td>\n      <td>500000.00000</td>\n      <td>500000.000000</td>\n      <td>500000.000000</td>\n      <td>500000.000000</td>\n    </tr>\n    <tr>\n      <th>mean</th>\n      <td>124.929554</td>\n      <td>2.001290</td>\n      <td>2.003398</td>\n      <td>2.998074</td>\n      <td>0.332992</td>\n      <td>0.332690</td>\n      <td>0.334318</td>\n      <td>0.499386</td>\n      <td>2.000940</td>\n      <td>0.498694</td>\n      <td>0.50065</td>\n      <td>0.500468</td>\n      <td>0.49987</td>\n      <td>0.500436</td>\n      <td>0.501646</td>\n      <td>42050.139350</td>\n    </tr>\n    <tr>\n      <th>std</th>\n      <td>71.795363</td>\n      <td>0.817005</td>\n      <td>1.414021</td>\n      <td>1.414227</td>\n      <td>0.471284</td>\n      <td>0.471177</td>\n      <td>0.471752</td>\n      <td>0.500000</td>\n      <td>0.816209</td>\n      <td>0.499999</td>\n      <td>0.50000</td>\n      <td>0.500000</td>\n      <td>0.50000</td>\n      <td>0.500000</td>\n      <td>0.499998</td>\n      <td>12110.237201</td>\n    </tr>\n    <tr>\n      <th>min</th>\n      <td>1.000000</td>\n      <td>1.000000</td>\n      <td>0.000000</td>\n      <td>1.000000</td>\n      <td>0.000000</td>\n      <td>0.000000</td>\n      <td>0.000000</td>\n      <td>0.000000</td>\n      <td>1.000000</td>\n      <td>0.000000</td>\n      <td>0.00000</td>\n      <td>0.000000</td>\n      <td>0.00000</td>\n      <td>0.000000</td>\n      <td>0.000000</td>\n      <td>7725.000000</td>\n    </tr>\n    <tr>\n      <th>25%</th>\n      <td>63.000000</td>\n      <td>1.000000</td>\n      <td>1.000000</td>\n      <td>2.000000</td>\n      <td>0.000000</td>\n      <td>0.000000</td>\n      <td>0.000000</td>\n      <td>0.000000</td>\n      <td>1.000000</td>\n      <td>0.000000</td>\n      <td>0.00000</td>\n      <td>0.000000</td>\n      <td>0.00000</td>\n      <td>0.000000</td>\n      <td>0.000000</td>\n      <td>33500.000000</td>\n    </tr>\n    <tr>\n      <th>50%</th>\n      <td>125.000000</td>\n      <td>2.000000</td>\n      <td>2.000000</td>\n      <td>3.000000</td>\n      <td>0.000000</td>\n      <td>0.000000</td>\n      <td>0.000000</td>\n      <td>0.000000</td>\n      <td>2.000000</td>\n      <td>0.000000</td>\n      <td>1.00000</td>\n      <td>1.000000</td>\n      <td>0.00000</td>\n      <td>1.000000</td>\n      <td>1.000000</td>\n      <td>41850.000000</td>\n    </tr>\n    <tr>\n      <th>75%</th>\n      <td>187.000000</td>\n      <td>3.000000</td>\n      <td>3.000000</td>\n      <td>4.000000</td>\n      <td>1.000000</td>\n      <td>1.000000</td>\n      <td>1.000000</td>\n      <td>1.000000</td>\n      <td>3.000000</td>\n      <td>1.000000</td>\n      <td>1.00000</td>\n      <td>1.000000</td>\n      <td>1.00000</td>\n      <td>1.000000</td>\n      <td>1.000000</td>\n      <td>50750.000000</td>\n    </tr>\n    <tr>\n      <th>max</th>\n      <td>249.000000</td>\n      <td>3.000000</td>\n      <td>4.000000</td>\n      <td>5.000000</td>\n      <td>1.000000</td>\n      <td>1.000000</td>\n      <td>1.000000</td>\n      <td>1.000000</td>\n      <td>3.000000</td>\n      <td>1.000000</td>\n      <td>1.00000</td>\n      <td>1.000000</td>\n      <td>1.00000</td>\n      <td>1.000000</td>\n      <td>1.000000</td>\n      <td>77975.000000</td>\n    </tr>\n  </tbody>\n</table>\n</div>", 
                        "text/plain": "                Area         Garage      FirePlace          Baths  \\\ncount  500000.000000  500000.000000  500000.000000  500000.000000   \nmean      124.929554       2.001290       2.003398       2.998074   \nstd        71.795363       0.817005       1.414021       1.414227   \nmin         1.000000       1.000000       0.000000       1.000000   \n25%        63.000000       1.000000       1.000000       2.000000   \n50%       125.000000       2.000000       2.000000       3.000000   \n75%       187.000000       3.000000       3.000000       4.000000   \nmax       249.000000       3.000000       4.000000       5.000000   \n\n        White Marble   Black Marble  Indian Marble         Floors  \\\ncount  500000.000000  500000.000000  500000.000000  500000.000000   \nmean        0.332992       0.332690       0.334318       0.499386   \nstd         0.471284       0.471177       0.471752       0.500000   \nmin         0.000000       0.000000       0.000000       0.000000   \n25%         0.000000       0.000000       0.000000       0.000000   \n50%         0.000000       0.000000       0.000000       0.000000   \n75%         1.000000       1.000000       1.000000       1.000000   \nmax         1.000000       1.000000       1.000000       1.000000   \n\n                City          Solar      Electric          Fiber  \\\ncount  500000.000000  500000.000000  500000.00000  500000.000000   \nmean        2.000940       0.498694       0.50065       0.500468   \nstd         0.816209       0.499999       0.50000       0.500000   \nmin         1.000000       0.000000       0.00000       0.000000   \n25%         1.000000       0.000000       0.00000       0.000000   \n50%         2.000000       0.000000       1.00000       1.000000   \n75%         3.000000       1.000000       1.00000       1.000000   \nmax         3.000000       1.000000       1.00000       1.000000   \n\n        Glass Doors   Swiming Pool         Garden         Prices  \ncount  500000.00000  500000.000000  500000.000000  500000.000000  \nmean        0.49987       0.500436       0.501646   42050.139350  \nstd         0.50000       0.500000       0.499998   12110.237201  \nmin         0.00000       0.000000       0.000000    7725.000000  \n25%         0.00000       0.000000       0.000000   33500.000000  \n50%         0.00000       1.000000       1.000000   41850.000000  \n75%         1.00000       1.000000       1.000000   50750.000000  \nmax         1.00000       1.000000       1.000000   77975.000000  "
                    }, 
                    "output_type": "execute_result"
                }
            ], 
            "source": "dataset.describe()"
        }, 
        {
            "source": "<h2 id=\"data_exploration\">Data Exploration</h2>\nLets first have a descriptive exploration on our data.", 
            "cell_type": "markdown", 
            "metadata": {}
        }, 
        {
            "source": "### Checking for missing values", 
            "cell_type": "markdown", 
            "metadata": {}
        }, 
        {
            "execution_count": 4, 
            "cell_type": "code", 
            "metadata": {}, 
            "outputs": [
                {
                    "execution_count": 4, 
                    "metadata": {}, 
                    "data": {
                        "text/plain": "Area             0\nGarage           0\nFirePlace        0\nBaths            0\nWhite Marble     0\nBlack Marble     0\nIndian Marble    0\nFloors           0\nCity             0\nSolar            0\nElectric         0\nFiber            0\nGlass Doors      0\nSwiming Pool     0\nGarden           0\nPrices           0\ndtype: int64"
                    }, 
                    "output_type": "execute_result"
                }
            ], 
            "source": "dataset.apply(lambda x: sum(x.isnull()))"
        }, 
        {
            "execution_count": 5, 
            "cell_type": "code", 
            "metadata": {}, 
            "outputs": [
                {
                    "execution_count": 5, 
                    "metadata": {}, 
                    "data": {
                        "text/plain": "Area              249\nGarage              3\nFirePlace           5\nBaths               5\nWhite Marble        2\nBlack Marble        2\nIndian Marble       2\nFloors              2\nCity                3\nSolar               2\nElectric            2\nFiber               2\nGlass Doors         2\nSwiming Pool        2\nGarden              2\nPrices           2714\ndtype: int64"
                    }, 
                    "output_type": "execute_result"
                }
            ], 
            "source": "dataset.apply(lambda x: len(x.unique()))"
        }, 
        {
            "execution_count": 6, 
            "cell_type": "code", 
            "metadata": {}, 
            "outputs": [
                {
                    "execution_count": 6, 
                    "metadata": {}, 
                    "data": {
                        "text/plain": "Area             int64\nGarage           int64\nFirePlace        int64\nBaths            int64\nWhite Marble     int64\nBlack Marble     int64\nIndian Marble    int64\nFloors           int64\nCity             int64\nSolar            int64\nElectric         int64\nFiber            int64\nGlass Doors      int64\nSwiming Pool     int64\nGarden           int64\nPrices           int64\ndtype: object"
                    }, 
                    "output_type": "execute_result"
                }
            ], 
            "source": "dataset.dtypes"
        }, 
        {
            "source": "### Correlation", 
            "cell_type": "markdown", 
            "metadata": {}
        }, 
        {
            "execution_count": 7, 
            "cell_type": "code", 
            "metadata": {
                "slideshow": {
                    "slide_type": "slide"
                }
            }, 
            "outputs": [
                {
                    "execution_count": 7, 
                    "metadata": {}, 
                    "data": {
                        "text/html": "<div>\n<style scoped>\n    .dataframe tbody tr th:only-of-type {\n        vertical-align: middle;\n    }\n\n    .dataframe tbody tr th {\n        vertical-align: top;\n    }\n\n    .dataframe thead th {\n        text-align: right;\n    }\n</style>\n<table border=\"1\" class=\"dataframe\">\n  <thead>\n    <tr style=\"text-align: right;\">\n      <th></th>\n      <th>Area</th>\n      <th>Garage</th>\n      <th>FirePlace</th>\n      <th>Baths</th>\n      <th>White Marble</th>\n      <th>Black Marble</th>\n      <th>Indian Marble</th>\n      <th>Floors</th>\n      <th>City</th>\n      <th>Solar</th>\n      <th>Electric</th>\n      <th>Fiber</th>\n      <th>Glass Doors</th>\n      <th>Swiming Pool</th>\n      <th>Garden</th>\n      <th>Prices</th>\n    </tr>\n  </thead>\n  <tbody>\n    <tr>\n      <th>Area</th>\n      <td>1.000000</td>\n      <td>-0.000897</td>\n      <td>0.000374</td>\n      <td>-0.000398</td>\n      <td>0.002525</td>\n      <td>-0.001477</td>\n      <td>-0.001047</td>\n      <td>-0.000776</td>\n      <td>-0.003455</td>\n      <td>0.000526</td>\n      <td>-0.000128</td>\n      <td>0.000114</td>\n      <td>-0.001230</td>\n      <td>0.000610</td>\n      <td>0.001428</td>\n      <td>0.147717</td>\n    </tr>\n    <tr>\n      <th>Garage</th>\n      <td>-0.000897</td>\n      <td>1.000000</td>\n      <td>0.001307</td>\n      <td>-0.003647</td>\n      <td>0.000541</td>\n      <td>0.001847</td>\n      <td>-0.002385</td>\n      <td>-0.000931</td>\n      <td>0.000793</td>\n      <td>0.001480</td>\n      <td>0.000779</td>\n      <td>-0.000562</td>\n      <td>-0.002171</td>\n      <td>0.001088</td>\n      <td>-0.000669</td>\n      <td>0.100294</td>\n    </tr>\n    <tr>\n      <th>FirePlace</th>\n      <td>0.000374</td>\n      <td>0.001307</td>\n      <td>1.000000</td>\n      <td>0.000643</td>\n      <td>0.000952</td>\n      <td>-0.000922</td>\n      <td>-0.000030</td>\n      <td>0.000185</td>\n      <td>-0.000211</td>\n      <td>-0.000309</td>\n      <td>0.001342</td>\n      <td>0.001818</td>\n      <td>-0.000366</td>\n      <td>0.001295</td>\n      <td>0.000231</td>\n      <td>0.089139</td>\n    </tr>\n    <tr>\n      <th>Baths</th>\n      <td>-0.000398</td>\n      <td>-0.003647</td>\n      <td>0.000643</td>\n      <td>1.000000</td>\n      <td>0.002493</td>\n      <td>-0.002739</td>\n      <td>0.000246</td>\n      <td>-0.000880</td>\n      <td>-0.000858</td>\n      <td>-0.000755</td>\n      <td>0.001047</td>\n      <td>-0.000687</td>\n      <td>-0.001668</td>\n      <td>0.002212</td>\n      <td>0.001723</td>\n      <td>0.145087</td>\n    </tr>\n    <tr>\n      <th>White Marble</th>\n      <td>0.002525</td>\n      <td>0.000541</td>\n      <td>0.000952</td>\n      <td>0.002493</td>\n      <td>1.000000</td>\n      <td>-0.498893</td>\n      <td>-0.500723</td>\n      <td>0.000078</td>\n      <td>-0.000861</td>\n      <td>-0.001583</td>\n      <td>0.000558</td>\n      <td>-0.000576</td>\n      <td>-0.000402</td>\n      <td>-0.001898</td>\n      <td>0.000959</td>\n      <td>0.448154</td>\n    </tr>\n    <tr>\n      <th>Black Marble</th>\n      <td>-0.001477</td>\n      <td>0.001847</td>\n      <td>-0.000922</td>\n      <td>-0.002739</td>\n      <td>-0.498893</td>\n      <td>1.000000</td>\n      <td>-0.500383</td>\n      <td>-0.000368</td>\n      <td>-0.000324</td>\n      <td>0.001764</td>\n      <td>-0.000549</td>\n      <td>0.000073</td>\n      <td>0.000086</td>\n      <td>0.000713</td>\n      <td>0.000133</td>\n      <td>-0.078049</td>\n    </tr>\n    <tr>\n      <th>Indian Marble</th>\n      <td>-0.001047</td>\n      <td>-0.002385</td>\n      <td>-0.000030</td>\n      <td>0.000246</td>\n      <td>-0.500723</td>\n      <td>-0.500383</td>\n      <td>1.000000</td>\n      <td>0.000289</td>\n      <td>0.001184</td>\n      <td>-0.000180</td>\n      <td>-0.000010</td>\n      <td>0.000503</td>\n      <td>0.000316</td>\n      <td>0.001184</td>\n      <td>-0.001091</td>\n      <td>-0.369756</td>\n    </tr>\n    <tr>\n      <th>Floors</th>\n      <td>-0.000776</td>\n      <td>-0.000931</td>\n      <td>0.000185</td>\n      <td>-0.000880</td>\n      <td>0.000078</td>\n      <td>-0.000368</td>\n      <td>0.000289</td>\n      <td>1.000000</td>\n      <td>-0.000641</td>\n      <td>-0.002651</td>\n      <td>0.000082</td>\n      <td>0.001373</td>\n      <td>-0.000008</td>\n      <td>-0.000211</td>\n      <td>-0.000492</td>\n      <td>0.619451</td>\n    </tr>\n    <tr>\n      <th>City</th>\n      <td>-0.003455</td>\n      <td>0.000793</td>\n      <td>-0.000211</td>\n      <td>-0.000858</td>\n      <td>-0.000861</td>\n      <td>-0.000324</td>\n      <td>0.001184</td>\n      <td>-0.000641</td>\n      <td>1.000000</td>\n      <td>0.000488</td>\n      <td>0.000788</td>\n      <td>-0.002716</td>\n      <td>0.000770</td>\n      <td>0.000322</td>\n      <td>0.001207</td>\n      <td>0.233259</td>\n    </tr>\n    <tr>\n      <th>Solar</th>\n      <td>0.000526</td>\n      <td>0.001480</td>\n      <td>-0.000309</td>\n      <td>-0.000755</td>\n      <td>-0.001583</td>\n      <td>0.001764</td>\n      <td>-0.000180</td>\n      <td>-0.002651</td>\n      <td>0.000488</td>\n      <td>1.000000</td>\n      <td>0.001883</td>\n      <td>0.000238</td>\n      <td>-0.000817</td>\n      <td>-0.000466</td>\n      <td>-0.004263</td>\n      <td>0.008429</td>\n    </tr>\n    <tr>\n      <th>Electric</th>\n      <td>-0.000128</td>\n      <td>0.000779</td>\n      <td>0.001342</td>\n      <td>0.001047</td>\n      <td>0.000558</td>\n      <td>-0.000549</td>\n      <td>-0.000010</td>\n      <td>0.000082</td>\n      <td>0.000788</td>\n      <td>0.001883</td>\n      <td>1.000000</td>\n      <td>-0.000309</td>\n      <td>0.001088</td>\n      <td>0.000571</td>\n      <td>0.000772</td>\n      <td>0.052443</td>\n    </tr>\n    <tr>\n      <th>Fiber</th>\n      <td>0.000114</td>\n      <td>-0.000562</td>\n      <td>0.001818</td>\n      <td>-0.000687</td>\n      <td>-0.000576</td>\n      <td>0.000073</td>\n      <td>0.000503</td>\n      <td>0.001373</td>\n      <td>-0.002716</td>\n      <td>0.000238</td>\n      <td>-0.000309</td>\n      <td>1.000000</td>\n      <td>-0.002268</td>\n      <td>0.004127</td>\n      <td>-0.000023</td>\n      <td>0.484626</td>\n    </tr>\n    <tr>\n      <th>Glass Doors</th>\n      <td>-0.001230</td>\n      <td>-0.002171</td>\n      <td>-0.000366</td>\n      <td>-0.001668</td>\n      <td>-0.000402</td>\n      <td>0.000086</td>\n      <td>0.000316</td>\n      <td>-0.000008</td>\n      <td>0.000770</td>\n      <td>-0.000817</td>\n      <td>0.001088</td>\n      <td>-0.002268</td>\n      <td>1.000000</td>\n      <td>0.000396</td>\n      <td>0.003329</td>\n      <td>0.181973</td>\n    </tr>\n    <tr>\n      <th>Swiming Pool</th>\n      <td>0.000610</td>\n      <td>0.001088</td>\n      <td>0.001295</td>\n      <td>0.002212</td>\n      <td>-0.001898</td>\n      <td>0.000713</td>\n      <td>0.001184</td>\n      <td>-0.000211</td>\n      <td>0.000322</td>\n      <td>-0.000466</td>\n      <td>0.000571</td>\n      <td>0.004127</td>\n      <td>0.000396</td>\n      <td>1.000000</td>\n      <td>-0.000191</td>\n      <td>0.001787</td>\n    </tr>\n    <tr>\n      <th>Garden</th>\n      <td>0.001428</td>\n      <td>-0.000669</td>\n      <td>0.000231</td>\n      <td>0.001723</td>\n      <td>0.000959</td>\n      <td>0.000133</td>\n      <td>-0.001091</td>\n      <td>-0.000492</td>\n      <td>0.001207</td>\n      <td>-0.004263</td>\n      <td>0.000772</td>\n      <td>-0.000023</td>\n      <td>0.003329</td>\n      <td>-0.000191</td>\n      <td>1.000000</td>\n      <td>0.001540</td>\n    </tr>\n    <tr>\n      <th>Prices</th>\n      <td>0.147717</td>\n      <td>0.100294</td>\n      <td>0.089139</td>\n      <td>0.145087</td>\n      <td>0.448154</td>\n      <td>-0.078049</td>\n      <td>-0.369756</td>\n      <td>0.619451</td>\n      <td>0.233259</td>\n      <td>0.008429</td>\n      <td>0.052443</td>\n      <td>0.484626</td>\n      <td>0.181973</td>\n      <td>0.001787</td>\n      <td>0.001540</td>\n      <td>1.000000</td>\n    </tr>\n  </tbody>\n</table>\n</div>", 
                        "text/plain": "                   Area    Garage  FirePlace     Baths  White Marble  \\\nArea           1.000000 -0.000897   0.000374 -0.000398      0.002525   \nGarage        -0.000897  1.000000   0.001307 -0.003647      0.000541   \nFirePlace      0.000374  0.001307   1.000000  0.000643      0.000952   \nBaths         -0.000398 -0.003647   0.000643  1.000000      0.002493   \nWhite Marble   0.002525  0.000541   0.000952  0.002493      1.000000   \nBlack Marble  -0.001477  0.001847  -0.000922 -0.002739     -0.498893   \nIndian Marble -0.001047 -0.002385  -0.000030  0.000246     -0.500723   \nFloors        -0.000776 -0.000931   0.000185 -0.000880      0.000078   \nCity          -0.003455  0.000793  -0.000211 -0.000858     -0.000861   \nSolar          0.000526  0.001480  -0.000309 -0.000755     -0.001583   \nElectric      -0.000128  0.000779   0.001342  0.001047      0.000558   \nFiber          0.000114 -0.000562   0.001818 -0.000687     -0.000576   \nGlass Doors   -0.001230 -0.002171  -0.000366 -0.001668     -0.000402   \nSwiming Pool   0.000610  0.001088   0.001295  0.002212     -0.001898   \nGarden         0.001428 -0.000669   0.000231  0.001723      0.000959   \nPrices         0.147717  0.100294   0.089139  0.145087      0.448154   \n\n               Black Marble  Indian Marble    Floors      City     Solar  \\\nArea              -0.001477      -0.001047 -0.000776 -0.003455  0.000526   \nGarage             0.001847      -0.002385 -0.000931  0.000793  0.001480   \nFirePlace         -0.000922      -0.000030  0.000185 -0.000211 -0.000309   \nBaths             -0.002739       0.000246 -0.000880 -0.000858 -0.000755   \nWhite Marble      -0.498893      -0.500723  0.000078 -0.000861 -0.001583   \nBlack Marble       1.000000      -0.500383 -0.000368 -0.000324  0.001764   \nIndian Marble     -0.500383       1.000000  0.000289  0.001184 -0.000180   \nFloors            -0.000368       0.000289  1.000000 -0.000641 -0.002651   \nCity              -0.000324       0.001184 -0.000641  1.000000  0.000488   \nSolar              0.001764      -0.000180 -0.002651  0.000488  1.000000   \nElectric          -0.000549      -0.000010  0.000082  0.000788  0.001883   \nFiber              0.000073       0.000503  0.001373 -0.002716  0.000238   \nGlass Doors        0.000086       0.000316 -0.000008  0.000770 -0.000817   \nSwiming Pool       0.000713       0.001184 -0.000211  0.000322 -0.000466   \nGarden             0.000133      -0.001091 -0.000492  0.001207 -0.004263   \nPrices            -0.078049      -0.369756  0.619451  0.233259  0.008429   \n\n               Electric     Fiber  Glass Doors  Swiming Pool    Garden  \\\nArea          -0.000128  0.000114    -0.001230      0.000610  0.001428   \nGarage         0.000779 -0.000562    -0.002171      0.001088 -0.000669   \nFirePlace      0.001342  0.001818    -0.000366      0.001295  0.000231   \nBaths          0.001047 -0.000687    -0.001668      0.002212  0.001723   \nWhite Marble   0.000558 -0.000576    -0.000402     -0.001898  0.000959   \nBlack Marble  -0.000549  0.000073     0.000086      0.000713  0.000133   \nIndian Marble -0.000010  0.000503     0.000316      0.001184 -0.001091   \nFloors         0.000082  0.001373    -0.000008     -0.000211 -0.000492   \nCity           0.000788 -0.002716     0.000770      0.000322  0.001207   \nSolar          0.001883  0.000238    -0.000817     -0.000466 -0.004263   \nElectric       1.000000 -0.000309     0.001088      0.000571  0.000772   \nFiber         -0.000309  1.000000    -0.002268      0.004127 -0.000023   \nGlass Doors    0.001088 -0.002268     1.000000      0.000396  0.003329   \nSwiming Pool   0.000571  0.004127     0.000396      1.000000 -0.000191   \nGarden         0.000772 -0.000023     0.003329     -0.000191  1.000000   \nPrices         0.052443  0.484626     0.181973      0.001787  0.001540   \n\n                 Prices  \nArea           0.147717  \nGarage         0.100294  \nFirePlace      0.089139  \nBaths          0.145087  \nWhite Marble   0.448154  \nBlack Marble  -0.078049  \nIndian Marble -0.369756  \nFloors         0.619451  \nCity           0.233259  \nSolar          0.008429  \nElectric       0.052443  \nFiber          0.484626  \nGlass Doors    0.181973  \nSwiming Pool   0.001787  \nGarden         0.001540  \nPrices         1.000000  "
                    }, 
                    "output_type": "execute_result"
                }
            ], 
            "source": "dataset.corr()"
        }, 
        {
            "source": "## The attributes with weak correlation index with Target variables are: \n- Garden vs Price - 0.001540\n- Swimming Pool vs Price - 0.001787\n- Solar vs Price - 0.008429\n\n## The attributes with negative correlation index with Target variables are:\n- Black Marble vs Price - -0.078049\n- Indian Marble vs Price - -0.369756\n\n## The attributes with strong correlation index with Target variables are: \n- Floors vs Price - 0.619451\n- Fibre vs Price - 0.484626\n- White Marble - 0.448154", 
            "cell_type": "markdown", 
            "metadata": {
                "slideshow": {
                    "slide_type": "subslide"
                }
            }
        }, 
        {
            "execution_count": 8, 
            "cell_type": "code", 
            "metadata": {
                "slideshow": {
                    "slide_type": "notes"
                }
            }, 
            "outputs": [
                {
                    "execution_count": 8, 
                    "metadata": {}, 
                    "data": {
                        "text/plain": "<matplotlib.axes._subplots.AxesSubplot at 0x237d08100b8>"
                    }, 
                    "output_type": "execute_result"
                }, 
                {
                    "output_type": "display_data", 
                    "data": {
